%YAML:1.0
---
cameraMatrix: !!opencv-matrix
   rows: 3
   cols: 3
   dt: d
   data: [ 3.6307527365307249e+02, 0., 2.5241408010415080e+02, 0.,
       3.6158863480753126e+02, 2.0323414822865359e+02, 0., 0., 1. ]
distortionCoefficients: !!opencv-matrix
   rows: 1
   cols: 5
   dt: d
   data: [ 1.0685250465916030e-01, -3.0324102938809355e-01,
       -3.0276795345043282e-04, -1.3343560577751162e-03,
       1.2070089199394905e-01 ]
rotation: !!opencv-matrix
   rows: 3
   cols: 3
   dt: d
   data: [ 1., 0., 0., 0., 1., 0., 0., 0., 1. ]
projection: !!opencv-matrix
   rows: 4
   cols: 4
   dt: d
   data: [ 3.6307527365307249e+02, 0., 2.5241408010415080e+02, 0., 0.,
       3.6158863480753126e+02, 2.0323414822865359e+02, 0., 0., 0., 1.,
       0., 0., 0., 0., 1. ]
