%YAML:1.0
---
rotation: !!opencv-matrix
   rows: 3
   cols: 3
   dt: d
   data: [ 9.9982285388228531e-01, 1.8065328442564751e-02,
       5.2824959010403629e-03, -1.8060944239584212e-02,
       9.9983650367043719e-01, -8.7648231610069959e-04,
       -5.2974661732640765e-03, 7.8092018674660467e-04,
       9.9998566340513351e-01 ]
translation: !!opencv-matrix
   rows: 3
   cols: 1
   dt: d
   data: [ -5.3869654818593883e-02, -1.1679273725473261e-03,
       1.6282188645669921e-03 ]
essential: !!opencv-matrix
   rows: 3
   cols: 3
   dt: d
   data: [ 3.5594225871682210e-05, -1.6288647148207866e-03,
       -1.1664835234042178e-03, 1.3425577577494310e-03,
       7.1482209465694035e-05, 5.3877483570655221e-02,
       2.1406573106317797e-03, -5.3839748336174102e-02,
       5.3385371381140472e-05 ]
fundamental: !!opencv-matrix
   rows: 3
   cols: 3
   dt: d
   data: [ 4.6787445801894562e-08, -2.1498922904100132e-06,
       -1.3158321145335518e-04, 1.7698550422866634e-06,
       9.4620358379032842e-08, 2.5321501194571709e-02,
       1.9623390043102895e-03, -7.2652436909887555e-02, 1. ]
