%YAML:1.0
---
depthShift: -1.6458417348507744e+01
