%YAML:1.0
---
cameraMatrix: !!opencv-matrix
   rows: 3
   cols: 3
   dt: d
   data: [ 1.0508674162501807e+03, 0., 9.6497702916440187e+02, 0.,
       1.0478352207051394e+03, 5.3646662877361030e+02, 0., 0., 1. ]
distortionCoefficients: !!opencv-matrix
   rows: 1
   cols: 5
   dt: d
   data: [ 4.6852070756074886e-02, -5.8095980339047171e-02,
       1.3899184703276945e-03, -6.1149012333719041e-05,
       1.4848136712799751e-02 ]
rotation: !!opencv-matrix
   rows: 3
   cols: 3
   dt: d
   data: [ 1., 0., 0., 0., 1., 0., 0., 0., 1. ]
projection: !!opencv-matrix
   rows: 4
   cols: 4
   dt: d
   data: [ 1.0508674162501807e+03, 0., 9.6497702916440187e+02, 0., 0.,
       1.0478352207051394e+03, 5.3646662877361030e+02, 0., 0., 0., 1.,
       0., 0., 0., 0., 1. ]
